1	1	6	9	12	13
2	34	35	37	50	73
3	21	29	36	37	75
4	34	35	50	73	101
5	6	27	31	42	82
6	2	5	14	27	37
7	2	4	7	8	9
8	2	4	17	22	27
9	6	34	50	73	75
10	2	12	17	22	23
11	9	15	28	35	37
12	2	4	5	15	27
13	4	12	13	23	28
14	2	4	6	7	11
15	29	36	50	73	80
16	1	2	4	5	7
17	35	36	37	78	104
18	1	2	5	6	8
19	8	103	104	314	368
20	2	22	36	62	80
21	1	4	7	9	11
22	4	24	27	31	34
23	1	2	5	6	27
24	5	6	8	9	11
25	1	2	5	25	27
26	36	75	76	80	93
27	36	37	74	93	100
28	2	4	7	17	27
29	6	12	103	104	219
30	6	27	31	34	35
31	32	34	74	104	136
32	36	75	80	84	101
33	34	103	104	247	313
34	6	242	286	292	299
35	35	36	37	78	103
36	247	261	314	339	358
37	2	4	17	22	29
38	1	22	34	35	36
39	104	247	288	302	314
40	29	36	37	78	103
41	2	27	35	37	50
42	1	2	27	28	31
43	1	2	11	12	15
44	2	6	7	9	27
45	1	6	13	35	37
46	34	37	75	76	80
47	34	103	104	262	302
48	2	5	27	31	34
49	18	21	36	46	47
50	104	247	253	314	319
51	27	34	37	50	73
52	7	13	15	19	22
53	2	6	15	27	31
54	6	34	35	37	50
55	2	22	35	36	37
56	2	4	7	17	22
57	1	6	34	35	42
58	1	2	4	6	7
59	2	5	11	12	13
60	2	6	7	9	28
61	34	36	37	78	103
62	2	8	11	17	27
63	36	37	74	93	100
64	10	12	27	37	39
65	9	15	35	37	48
66	37	50	73	75	80
67	7	34	64	74	103
68	6	36	37	50	73
69	2	4	5	6	7
70	2	27	31	34	35
71	4	11	14	17	34
72	4	6	9	11	12
73	12	34	37	53	59
74	34	103	104	120	130
75	4	6	11	13	17
76	4	5	6	11	17
77	1	2	28	34	35
78	36	103	104	138	237
79	7	10	19	34	35
80	6	34	64	74	86
81	5	25	36	37	79
82	2	27	31	36	50
83	22	27	31	34	36
84	12	34	64	70	87
85	2	36	37	50	57
86	34	103	104	258	270
87	4	6	8	31	34
88	6	104	247	261	286
89	1	6	7	15	25
90	2	4	5	8	10
91	2	5	22	27	31
92	6	8	12	17	27
93	1	15	35	36	84
94	8	9	11	23	32
95	1	6	7	8	14
96	1	2	4	5	6
97	2	7	23	27	28
98	25	103	116	194	314
99	2	4	5	6	11
100	34	36	37	78	103
101	29	36	37	75	80
102	18	21	40	104	110
103	4	11	17	37	39
104	15	18	21	29	36
105	34	35	36	103	104
106	35	78	97	103	104
107	34	35	36	37	78
108	7	10	14	34	35
109	27	34	35	36	37
110	34	35	36	103	104
111	103	104	269	302	314
112	34	103	104	272	289
113	34	37	50	73	75
114	6	27	37	74	89
115	2	6	7	8	9
116	4	11	17	36	37
117	2	4	11	12	15
118	2	4	6	7	11
119	2	6	7	11	25
120	6	25	34	37	75
121	5	9	12	14	25
122	35	37	46	70	74
123	9	14	34	37	74
124	11	34	103	154	166
125	2	5	22	27	31
126	103	104	243	266	313
127	34	62	75	101	104
128	14	28	35	37	64
129	6	18	21	29	35
130	1	3	7	11	17
131	6	9	14	34	35
132	4	11	17	34	37
133	34	36	37	103	104
134	1	15	34	35	84
135	34	36	37	53	74
136	6	9	14	34	37
137	2	27	31	34	35
138	4	5	6	11	12
139	34	37	74	75	76
140	6	36	103	104	263
141	7	15	25	34	35
142	35	75	78	80	91
143	104	247	288	313	314
144	2	9	22	27	33
145	2	4	7	11	12
146	34	103	104	245	263
147	6	34	104	286	292
148	2	4	7	11	17
149	6	29	35	36	37
150	35	37	50	73	75
151	1	2	4	10	12
152	6	8	15	22	27
153	4	11	17	34	36
154	2	27	31	37	50
155	18	21	29	34	36
156	74	104	130	178	180
157	1	6	35	37	74
158	2	7	8	17	22
159	7	15	24	25	35
160	2	6	17	23	24
161	3	18	21	29	36
162	2	35	50	62	73
163	34	36	37	53	103
164	6	27	34	35	43
165	2	15	27	34	37
166	34	103	104	300	313
167	8	35	36	83	96
168	1	15	25	35	36
169	2	27	34	37	50
170	104	245	247	292	300
171	34	103	104	272	314
172	34	35	36	37	74
173	6	34	35	104	242
174	4	5	6	9	11
175	5	11	27	34	35
176	7	34	50	73	74
177	2	4	5	6	12
178	5	11	12	15	22
179	34	35	36	37	78
180	4	5	11	17	27
181	5	8	25	26	28
182	35	37	43	50	69
183	37	104	122	130	177
184	9	57	80	86	100
185	28	34	35	37	75
186	5	36	38	44	71
187	8	34	35	64	65
188	2	7	11	22	27
189	1	2	4	8	10
190	36	37	104	130	237
191	34	86	103	104	313
192	6	9	34	74	75
193	36	37	43	62	69
194	2	12	17	22	28
195	6	34	35	36	47
196	6	8	37	67	80
197	22	27	31	35	36
198	2	17	36	37	39
199	9	36	37	78	104
200	1	5	11	27	28
201	35	56	93	104	110
202	21	29	34	36	80
203	36	50	73	75	80
204	9	45	170	242	247
205	29	36	37	78	103
206	2	3	5	16	17
207	35	37	64	78	103
208	35	36	88	104	194
209	1	35	36	37	50
210	1	2	5	11	17
211	35	36	37	78	103
212	35	78	87	104	197
213	4	5	12	17	24
214	2	4	7	11	12
215	2	4	5	17	27
216	2	4	5	7	11
217	4	22	35	36	39
218	12	34	98	103	104
219	34	74	103	104	114
220	6	104	247	269	286
221	2	11	12	24	37
222	6	7	9	11	12
223	22	35	36	43	69
224	22	35	36	37	78
225	5	22	27	37	84
226	2	5	9	12	14
227	7	13	34	37	74
228	6	34	35	36	103
229	18	21	29	35	36
230	1	2	5	8	22
231	37	80	101	103	104
232	11	17	27	34	35
233	2	5	9	11	17
234	8	37	91	99	104
235	2	27	34	37	50
236	4	5	9	11	15
237	2	27	35	37	62
238	6	36	37	103	104
239	2	5	8	9	10
240	6	34	104	242	247
241	6	36	103	104	247
242	35	103	138	247	268
243	8	35	37	75	86
244	3	4	9	11	26
245	36	37	80	84	101
246	12	50	68	73	74
247	28	34	35	50	64
248	5	11	50	64	73
249	5	6	7	9	11
250	5	6	12	34	35
251	22	27	37	45	50
252	1	6	9	34	35
253	1	5	12	22	27
254	2	8	27	31	34
255	3	4	11	17	18
256	1	2	4	5	11
257	6	14	50	57	59
258	6	272	286	300	310
259	12	34	75	80	84
260	104	247	270	313	314
261	103	104	125	243	247
262	53	64	104	131	263
263	1	2	6	22	27
264	5	7	11	12	17
265	1	6	35	84	93
266	34	35	36	37	74
267	4	6	7	11	12
268	50	59	60	96	104
269	4	6	23	39	42
270	5	6	11	25	26
271	4	5	22	27	28
272	2	4	12	17	22
273	34	103	104	247	268
274	5	6	9	15	25
275	2	37	80	103	104
276	1	6	7	9	11
277	35	103	104	130	247
278	6	22	84	104	173
279	7	24	25	27	74
280	8	9	11	12	13
281	36	37	103	120	122
282	34	103	104	247	258
283	4	11	17	34	35
284	34	103	104	247	268
285	75	104	130	138	150
286	2	4	11	34	36
287	1	6	9	11	17
288	2	5	13	22	34
289	34	36	37	110	112
290	1	2	22	27	28
291	1	2	5	6	7
292	4	5	6	10	11
293	37	45	48	50	64
294	1	27	35	43	50
295	2	5	6	7	25
296	1	4	5	6	7
297	2	5	6	8	12
298	1	2	8	27	31
299	2	10	12	27	53
300	104	247	314	374	424
301	6	27	35	43	50
302	3	17	18	21	27
303	1	6	8	9	22
304	36	103	104	138	237
305	1	12	35	37	45
306	14	19	74	116	130
307	1	2	37	50	53
308	2	4	6	8	11
309	34	103	104	247	258
310	14	50	73	75	80
311	2	4	11	15	17
312	1	2	8	10	14
313	2	6	43	50	62
314	1	11	15	28	29
315	6	11	12	23	25
316	5	19	36	97	98
317	103	104	314	350	368
318	2	15	25	26	34
319	103	104	247	313	314
320	17	22	34	36	39
321	37	53	61	104	130
322	23	32	34	37	50
323	4	11	17	22	23
324	1	6	9	14	34
325	23	36	50	73	76
326	2	5	27	50	62
327	9	37	62	80	103
328	6	12	22	28	35
329	2	27	35	36	37
330	1	2	5	8	15
331	37	43	47	59	60
332	2	4	5	8	11
333	2	27	31	34	36
334	2	7	12	35	50
335	103	300	307	314	340
336	26	34	37	42	43
337	15	27	43	50	73
338	2	27	52	62	103
339	1	2	6	9	12
340	1	2	15	27	34
341	104	247	292	299	314
342	9	11	12	14	17
343	1	2	4	5	7
344	2	8	9	12	14
345	2	12	17	34	39
346	2	12	22	27	33
347	2	5	11	22	29
348	27	34	35	43	78
349	10	20	34	36	37
350	2	6	23	27	31
351	6	34	104	247	258
352	2	5	11	27	31
353	6	34	35	36	103
354	2	8	10	19	20
355	6	104	247	286	288
356	34	103	104	258	272
357	1	10	27	35	43
358	8	34	103	104	114
359	6	7	34	35	50
360	6	10	14	23	34
361	5	6	23	36	37
362	34	36	103	104	263
363	4	6	8	11	12
364	6	35	103	247	286
365	6	35	36	93	100
366	4	5	11	17	37
367	4	6	7	11	17
368	17	34	35	36	37
369	27	34	37	50	73
370	35	37	57	78	80
371	2	5	22	27	31
372	23	37	53	74	77
373	12	22	27	34	36
374	6	25	28	31	42
375	34	37	74	103	104
376	5	34	74	80	84
377	5	34	35	37	53
378	9	12	14	22	34
379	4	5	7	8	11
380	2	12	35	36	37
381	1	14	20	34	50
382	4	11	17	23	37
383	9	14	37	74	86
384	34	104	272	289	302
385	8	11	17	18	23
386	37	75	76	101	104
387	7	12	17	22	24
388	1	34	35	53	74
389	2	11	17	27	37
390	1	9	34	35	74
391	2	4	9	12	17
392	2	5	8	23	27
393	12	37	50	101	103
394	2	5	7	11	17
395	1	2	5	27	31
396	27	35	36	43	78
397	2	4	7	11	17
398	1	15	27	28	35
399	15	94	103	104	122
400	34	103	104	247	258
401	2	62	63	74	104
402	1	6	15	34	35
403	6	7	27	34	35
404	22	34	36	37	84
405	12	16	22	23	25
406	2	9	17	27	32
407	5	8	11	17	27
408	35	104	247	270	294
409	2	5	14	27	34
410	35	36	37	78	103
411	2	27	34	35	37
412	2	7	11	17	27
413	14	50	73	75	80
414	6	11	34	74	93
415	2	4	11	17	27
416	1	5	6	8	9
417	11	15	34	46	55
418	29	34	35	36	37
419	2	14	27	31	34
420	14	34	37	74	75
421	2	5	12	17	27
422	74	75	80	98	101
423	9	34	37	74	75
424	9	36	37	74	75
425	12	36	37	42	46
426	37	130	133	142	145
427	34	104	245	247	263
428	34	104	245	247	269
429	6	12	15	22	42
430	5	19	53	75	80
431	35	36	103	104	247
432	50	73	75	80	101
433	2	6	12	27	31
434	35	103	104	111	112
435	1	10	11	12	25
436	11	34	35	36	37
437	2	12	14	27	31
438	27	34	35	43	50
439	14	237	242	276	278
440	34	57	86	104	171
441	1	35	84	103	104
442	4	36	37	46	56
443	6	12	34	35	36
444	9	34	50	73	74
445	2	3	4	5	11
446	18	21	29	34	36
447	2	4	7	12	13
448	34	35	36	103	104
449	37	59	60	61	74
450	11	22	23	26	27
451	18	21	29	34	35
452	2	5	7	22	27
453	2	6	7	11	12
454	2	8	35	36	62
455	35	37	46	50	56
456	2	14	17	37	39
457	2	5	6	8	9
458	4	9	11	12	14
459	2	5	7	8	22
460	14	19	36	37	75
461	9	34	36	37	104
462	11	22	34	74	75
463	19	20	29	36	75
464	12	34	37	75	76
465	7	34	37	53	64
466	17	22	31	37	50
467	6	7	35	37	74
468	1	2	4	9	11
469	6	10	34	37	64
470	9	50	73	75	80
471	8	27	34	35	36
472	1	2	3	6	7
473	9	37	75	76	104
474	2	4	5	6	7
475	37	50	73	74	75
476	37	53	103	104	110
477	25	34	35	49	66
478	5	6	12	15	26
479	1	2	8	27	34
480	2	8	12	27	31
481	34	37	70	75	80
482	36	37	75	101	103
483	34	35	36	37	50
484	1	11	15	17	22
485	36	37	78	103	110
486	7	9	14	34	35
487	1	3	5	11	12
488	2	35	36	37	53
489	34	104	258	266	272
490	18	21	29	36	37
491	12	37	45	93	100
492	4	11	17	37	39
493	6	22	34	35	43
494	2	15	27	31	34
495	5	9	11	17	27
496	2	4	10	27	37
497	22	27	37	50	103
498	10	36	37	74	89
499	8	12	35	37	43
500	4	7	11	13	17
501	37	75	76	80	84
502	36	37	78	103	112
503	1	2	5	8	10
504	2	6	35	37	62
505	2	22	35	36	62
506	8	12	27	34	36
507	27	34	35	43	50
508	1	2	35	37	50
509	3	18	21	29	34
510	18	21	29	34	36
511	104	271	292	313	314
512	4	6	11	17	34
513	27	34	35	36	37
514	1	2	5	7	12
515	34	36	37	78	103
516	6	50	73	75	80
517	34	36	37	50	73
518	25	27	35	43	78
519	104	247	263	266	268
520	34	36	74	103	104
521	12	36	42	53	62
522	6	12	23	34	74
523	1	8	14	34	35
524	2	6	14	23	39
525	25	35	36	37	80
526	1	6	34	35	36
527	2	7	9	22	23
528	2	27	31	34	37
529	34	103	104	247	268
530	2	27	34	35	36
531	6	35	36	37	103
532	1	2	4	5	6
533	2	20	35	36	37
534	1	24	25	34	35
535	2	7	9	34	35
536	1	8	22	27	28
537	17	29	56	112	122
538	2	5	22	35	37
539	19	34	35	37	43
540	9	34	50	73	74
541	2	8	36	50	71
542	4	17	23	39	46
543	12	17	27	37	39
544	21	29	36	37	78
545	1	5	27	37	50
546	4	5	7	11	27
547	34	103	104	302	313
548	4	5	7	11	12
549	1	34	35	37	50
550	15	27	34	43	50
551	3	7	9	11	15
552	36	37	101	103	104
553	2	5	6	22	23
554	2	5	27	35	37
555	6	13	35	50	73
556	12	27	37	48	64
557	8	12	34	37	75
558	19	20	34	74	93
559	2	27	37	62	69
560	6	12	34	35	36
561	7	12	23	39	56
562	2	27	31	34	37
563	27	34	37	50	73
564	35	36	37	75	80
565	10	30	34	52	70
566	2	6	53	64	74
567	32	34	37	53	59
568	34	35	36	37	53
569	6	9	19	34	35
570	18	21	29	35	36
571	2	27	34	62	75
572	9	35	36	37	124
573	2	27	37	62	75
574	34	74	93	100	103
575	36	79	96	103	104
576	7	34	35	70	74
577	1	2	22	27	28
578	18	21	29	36	37
579	36	50	73	83	101
580	3	34	50	73	75
581	6	9	34	37	74
582	6	7	34	36	50
583	7	12	34	74	93
584	27	34	37	80	101
585	34	45	70	86	104
586	2	3	4	17	29
587	34	36	37	78	103
588	8	12	15	21	22
589	35	103	247	259	272
590	6	14	19	37	74
591	45	53	64	74	86
592	2	5	6	7	8
593	2	6	17	34	35
594	34	37	74	103	104
595	14	36	50	73	74
596	50	73	75	80	84
597	15	50	73	75	80
598	6	22	34	84	103
599	34	35	103	104	111
600	11	17	22	34	35
601	2	36	37	50	62
602	35	37	50	73	75
603	7	11	12	34	37
604	6	35	36	48	75
605	5	14	15	35	37
606	1	2	3	4	5
607	4	11	17	34	37
608	5	11	17	23	34
609	3	15	17	18	21
610	5	12	27	35	37
611	6	34	104	268	272
612	35	36	103	104	130
613	12	34	37	50	64
614	1	35	36	37	84
615	14	23	35	37	48
616	6	34	103	104	272
617	18	21	29	36	37
618	5	23	27	35	36
619	2	22	35	37	38
620	1	2	15	27	31
621	3	6	8	50	55
622	5	6	7	12	17
623	35	36	37	43	50
624	6	14	34	35	50
625	2	35	50	62	73
626	2	3	6	16	17
627	6	7	22	34	35
628	34	75	104	242	247
629	2	5	12	15	17
630	5	11	35	36	64
631	34	36	37	78	103
632	12	27	31	35	37
633	35	36	74	79	101
634	9	27	34	36	43
635	35	36	37	103	104
636	6	10	15	25	27
637	3	18	21	29	36
638	2	22	27	31	37
639	2	14	27	37	62
640	12	17	27	31	34
641	23	74	104	134	198
642	1	8	15	21	27
643	1	6	12	17	23
644	27	34	37	43	74
645	2	23	27	32	35
646	36	37	78	103	104
647	2	22	35	36	62
648	1	27	28	31	35
649	1	35	37	75	76
650	50	101	104	110	115
651	36	37	75	103	104
652	36	37	104	112	120
653	17	18	21	22	27
654	2	5	8	12	22
655	30	37	79	127	145
656	3	18	21	29	35
657	36	37	103	111	120
658	4	8	11	17	35
659	2	11	17	23	34
660	18	146	149	151	168
661	1	2	8	27	28
662	6	34	74	93	100
663	2	4	5	11	12
664	2	12	27	37	50
665	4	11	17	37	39
666	4	36	37	53	74
667	9	28	34	35	86
668	35	41	50	73	75
669	1	12	35	36	50
670	2	27	62	96	104
671	4	7	12	33	34
672	25	35	36	37	103
673	79	233	247	272	303
674	34	35	37	75	76
675	103	104	247	269	303
676	1	2	22	27	31
677	34	35	91	101	103
678	1	6	34	35	36
679	28	35	37	50	53
680	7	14	34	35	50
681	6	35	36	37	103
682	12	22	42	50	51
683	4	11	17	36	37
684	8	15	35	36	37
685	2	3	5	13	16
686	4	5	12	17	22
687	103	104	247	268	313
688	247	259	288	302	304
689	7	15	27	34	43
690	2	5	35	37	62
691	1	35	37	53	64
692	35	37	43	63	103
693	2	37	48	62	97
694	2	5	9	22	27
695	35	36	37	103	120
696	6	9	104	124	247
697	1	7	34	35	37
698	29	37	50	73	83
699	36	104	122	130	219
700	2	27	35	50	62
701	19	34	35	37	50
702	3	17	18	21	27
703	15	27	35	43	50
704	5	34	50	73	75
705	1	22	27	29	31
706	35	36	37	50	73
707	8	9	10	93	100
708	1	34	36	37	50
709	11	22	28	31	34
710	2	4	11	17	23
711	5	8	10	16	34
712	2	27	31	34	36
713	34	35	36	37	78
714	3	35	50	73	75
715	1	5	28	35	42
716	1	2	5	17	22
717	25	34	75	101	104
718	15	34	35	103	104
719	5	37	43	64	69
720	6	34	104	286	302
721	1	2	6	22	27
722	27	43	78	103	104
723	2	27	34	36	37
724	2	3	5	13	16
725	6	19	34	74	75
726	35	36	37	78	103
727	12	28	36	42	70
728	34	74	93	100	103
729	29	34	36	37	78
730	6	34	35	36	37
731	35	36	37	43	64
732	6	103	243	247	269
733	14	19	20	36	37
734	2	35	62	78	101
735	35	36	37	50	73
736	36	37	78	103	104
737	6	37	74	76	84
738	1	27	31	34	35
739	22	27	35	37	43
740	6	36	103	104	247
741	2	22	27	29	37
742	6	14	34	35	37
743	9	34	74	93	100
744	2	27	34	37	62
745	5	10	12	34	36
746	27	31	34	35	37
747	1	5	8	9	11
748	2	27	31	34	35
749	5	11	15	22	27
750	36	37	78	103	104
751	5	21	25	27	28
752	36	37	103	120	122
753	2	5	35	62	71
754	15	36	37	75	103
755	6	34	36	37	78
756	6	55	74	80	93
757	4	35	36	64	104
758	2	5	7	8	12
759	1	27	34	35	43
760	35	78	103	104	110
761	15	29	36	50	73
762	35	36	37	78	103
763	2	4	12	16	17
764	5	27	34	35	37
765	6	14	37	42	75
766	8	28	37	76	80
767	1	5	6	27	34
768	1	6	9	14	35
769	35	36	103	104	110
770	1	6	7	14	15
771	1	8	15	27	28
772	34	104	245	258	272
773	14	23	36	50	59
774	3	13	16	18	20
775	34	104	247	314	315
776	2	22	27	28	31
777	4	9	11	17	35
778	2	11	41	42	62
779	21	34	35	50	73
780	2	27	28	31	35
781	2	27	31	37	50
782	18	21	29	34	36
783	34	104	271	299	307
784	34	104	247	258	269
785	2	27	31	34	37
786	2	5	7	9	28
787	34	36	37	103	104
788	5	6	12	22	28
789	9	37	50	73	74
790	15	22	42	53	98
791	9	50	73	75	80
792	36	37	103	104	120
793	50	73	75	76	80
794	14	24	34	37	50
795	6	7	8	25	91
796	2	4	8	11	12
797	18	21	29	34	36
798	21	27	37	50	63
799	2	6	27	31	34
800	37	75	80	101	103
801	35	104	268	271	288
802	7	34	74	103	104
803	6	35	36	37	78
804	1	5	6	22	24
805	6	7	33	47	53
806	4	11	12	27	31
807	22	27	31	36	43
808	35	104	247	262	264
809	34	103	272	302	307
810	35	104	247	269	289
811	6	34	104	247	258
812	35	103	247	294	300
813	21	29	34	36	37
814	35	36	78	103	104
815	1	35	37	50	57
816	35	104	247	294	309
817	35	36	103	104	117
818	34	103	104	247	288
819	6	147	247	248	286
820	35	36	37	78	103
821	1	2	4	5	11
822	35	36	78	103	104
823	2	4	5	6	7
824	18	21	29	34	36
825	2	5	7	12	27
826	17	22	27	31	34
827	36	37	103	104	120
828	19	35	36	37	59
829	35	74	103	104	130
830	5	6	22	27	31
831	2	4	7	11	12
832	36	37	78	103	104
833	11	12	23	32	37
834	34	37	50	73	75
835	2	5	15	25	27
836	2	12	27	31	34
837	34	36	37	78	103
838	1	2	4	7	11
839	36	37	50	73	75
840	2	4	5	6	8
841	6	34	104	247	258
842	104	268	269	270	302
843	2	7	18	89	104
844	12	24	37	43	50
845	6	35	36	37	78
846	2	4	11	12	17
847	2	62	78	80	101
848	2	25	27	31	32
849	2	15	27	31	34
850	2	8	15	22	27
851	4	11	17	22	34
852	35	50	73	75	80
853	36	37	78	103	104
854	8	9	11	12	17
855	35	36	103	104	120
856	34	36	103	104	263
857	34	36	37	103	104
858	9	36	37	76	103
859	3	104	138	249	287
860	34	36	37	53	70
861	45	52	83	86	104
862	2	5	6	7	10
863	6	34	36	37	78
864	1	6	7	8	9
865	2	3	7	16	17
866	18	21	29	35	36
867	2	4	5	6	7
868	6	7	12	23	27
869	6	29	34	36	37
870	1	9	27	35	39
871	2	22	31	37	39
872	34	36	103	104	120
873	29	36	37	78	103
874	37	74	75	76	104
875	2	5	11	12	17
876	2	6	19	27	34
877	4	5	11	14	17
878	14	37	64	103	104
879	37	75	76	80	101
880	6	12	23	28	37
881	5	22	28	31	37
882	1	2	5	8	15
883	2	7	10	17	27
884	6	9	34	37	74
885	1	2	27	31	62
886	7	9	11	12	31
887	1	4	11	17	22
888	34	35	74	78	130
889	11	12	33	35	42
890	2	6	23	27	31
891	6	25	35	37	74
892	1	6	8	12	22
893	1	4	17	27	35
894	12	20	35	59	60
895	13	34	35	50	73
896	8	22	50	69	71
897	1	2	5	22	27
898	103	104	247	309	314
899	27	28	34	35	36
900	3	18	21	29	36
901	1	2	12	15	22
902	1	8	27	34	35
903	5	6	12	13	17
904	36	104	138	237	247
905	36	37	104	120	130
906	103	104	120	130	276
907	1	5	6	15	19
908	5	35	37	53	98
909	86	116	165	166	170
910	2	31	34	35	36
911	2	27	34	37	62
912	14	34	35	78	104
913	2	7	9	17	19
914	37	78	103	104	112
915	35	36	37	78	103
916	9	14	27	42	48
917	9	34	74	130	150
918	89	103	120	137	190
919	2	9	15	22	27
920	35	36	37	103	104
921	2	27	31	34	36
922	1	2	5	11	22
923	2	6	27	31	34
924	1	27	35	37	50
925	35	36	37	78	103
926	34	36	37	103	104
927	1	11	15	29	34
928	5	8	9	27	37
929	5	22	34	35	37
930	36	103	104	110	112
931	37	74	75	76	80
932	2	5	6	9	34
933	5	6	17	18	22
934	4	11	13	17	27
935	15	34	37	75	80
936	6	19	20	75	76
937	9	36	50	73	75
938	27	34	35	36	43
939	9	15	27	34	35
940	2	8	11	17	27
941	1	34	35	75	80
942	2	27	31	34	35
943	2	4	5	6	12
